1 5 2 4 8 3 7 0 6
1 5 2 4 8 3 0 7 6
1 5 2 4 8 3 7 6 0
1 5 2 4 0 3 7 8 6
1 5 2 4 8 3 7 0 6
1 5 2 0 8 3 4 7 6
1 5 2 4 8 3 7 0 6
1 5 2 4 8 0 7 6 3
1 5 2 0 4 3 7 8 6
1 5 2 4 8 3 7 0 6
1 5 2 4 3 0 7 8 6
1 0 2 4 5 3 7 8 6
1 5 2 4 8 3 0 7 6
1 5 2 4 8 3 7 6 0
1 5 2 4 0 3 7 8 6
1 5 2 4 8 3 0 7 6
1 5 2 8 0 3 4 7 6
0 5 2 1 8 3 4 7 6
1 5 2 4 8 3 0 7 6
1 5 2 4 8 3 7 6 0
1 5 2 4 0 3 7 8 6
1 5 2 4 0 8 7 6 3
1 5 2 4 8 3 7 6 0
1 5 0 4 8 2 7 6 3
1 5 2 7 4 3 0 8 6
1 5 2 4 0 3 7 8 6
0 5 2 1 4 3 7 8 6
1 5 2 4 8 3 0 7 6
1 5 2 4 8 3 7 6 0
1 5 2 4 0 3 7 8 6
1 5 2 4 0 3 7 8 6
1 5 2 4 3 6 7 8 0
1 5 0 4 3 2 7 8 6
0 1 2 4 5 3 7 8 6
1 5 2 4 0 3 7 8 6
1 2 0 4 5 3 7 8 6
1 5 2 4 8 3 7 0 6
1 5 2 0 8 3 4 7 6
1 5 2 4 8 3 7 0 6
1 5 2 4 8 0 7 6 3
1 5 2 0 4 3 7 8 6
1 5 2 4 8 3 7 0 6
1 5 2 4 3 0 7 8 6
1 0 2 4 5 3 7 8 6
1 5 2 4 8 3 7 0 6
1 5 2 0 8 3 4 7 6
1 5 2 0 8 3 4 7 6
1 5 2 8 7 3 4 0 6
1 5 2 8 3 0 4 7 6
1 0 2 8 5 3 4 7 6
1 5 2 0 8 3 4 7 6
5 0 2 1 8 3 4 7 6
1 5 2 4 8 3 7 0 6
1 5 2 0 8 3 4 7 6
1 5 2 4 8 3 7 0 6
1 5 2 4 8 0 7 6 3
1 5 2 0 4 3 7 8 6
1 5 2 4 8 3 7 0 6
1 5 2 4 3 0 7 8 6
1 0 2 4 5 3 7 8 6
1 5 2 0 4 8 7 6 3
1 5 2 4 6 8 7 0 3
1 5 2 4 8 0 7 6 3
1 0 2 4 5 8 7 6 3
1 5 2 4 8 3 7 0 6
1 5 2 4 8 0 7 6 3
1 0 5 4 8 2 7 6 3
1 5 2 4 8 0 7 6 3
1 5 2 7 4 3 8 0 6
1 5 2 0 4 3 7 8 6
1 5 2 0 4 3 7 8 6
1 5 2 4 8 3 7 0 6
1 5 2 4 3 0 7 8 6
1 0 2 4 5 3 7 8 6
1 5 2 0 4 3 7 8 6
5 0 2 1 4 3 7 8 6
1 5 2 4 8 3 7 0 6
1 5 2 0 8 3 4 7 6
1 5 2 4 8 3 7 0 6
1 5 2 4 8 0 7 6 3
1 5 2 0 4 3 7 8 6
1 5 2 4 8 3 7 0 6
1 5 2 4 3 0 7 8 6
1 0 2 4 5 3 7 8 6
1 5 2 0 4 3 7 8 6
1 5 2 4 8 3 7 0 6
1 5 2 4 3 0 7 8 6
1 0 2 4 5 3 7 8 6
1 5 2 4 3 6 7 0 8
1 5 2 4 3 0 7 8 6
1 0 5 4 3 2 7 8 6
1 5 2 4 3 0 7 8 6
4 1 2 0 5 3 7 8 6
1 0 2 4 5 3 7 8 6
1 5 2 0 4 3 7 8 6
1 5 2 4 8 3 7 0 6
1 5 2 4 3 0 7 8 6
1 0 2 4 5 3 7 8 6
1 0 2 4 5 3 7 8 6
1 2 3 4 5 0 7 8 6
1 2 3 4 5 6 7 8 0
